1 1 2
1 2 3
1 3 4
1 9 10
1 10 11
1 11 12
1 12 13
1 13 14
1 14 15
1 15 16
1 16 17
1 24 26
1 26 27
1 27 28
1 28 29
1 33 34
1 37 38
1 51 52
2 32 35
2 24 25
2 47 56
2 47 58
2 47 57
2 30 20
2 54 56
2 54 55
2 54 57
2 54 58
2 37 20
2 42 57
2 42 56
2 42 58
2 8 35
2 8 35
2 9 17
2 7 35
2 7 35
2 18 35
2 18 21
2 18 35
2 41 58
2 41 57
2 41 56
2 48 57
2 48 58
2 48 56
2 31 35
2 31 36
2 31 22
2 31 35
2 53 58
2 53 57
2 53 56
2 19 23
3 39 40
3 24 29
3 47 49
3 1 4
3 33 34
3 37 38
3 51 52
3 43 60
3 6 5
3 44 45
4 40 59
4 50 54
4 46 39
4 50 59
