108
11 57 35 29 105 13 108
13 108 13 107 27 105 105 13 57 105 27 105 13 108
105
19 19 108 12 203 121 148 91 209 98 35 29 107 27 91 108 13 105 27 105 27 105 27 105 57 105 91 22 108
108
27 105 13 105 13 32 57 27 35 107 27 105 13 105 13 105 13 105 13 108 79 108
27 27 108 79 19 108
19 27 27 108 79 108
11 57 79 27 108
79 108
13 19 105 79 108
13 105 79 108
13 105 79 108
13 79 108
13 79 108
13 105 15
19 27 27 108 27 105 11 57 27 27 108 79 108
79 108
79 57 80 58 79 79 105 79 105 15 14 27 27 108 41
19 19 77 127 108 12 77 203 121 149 27 35 107 27 105 13 105 13 27 105 13 105 13 105 13 108 19 21 79 105 13 109 13 109 11 57 109 13 32 27 35 107 27 105 13 105 13 105 13 108 79 105 13 57 27 35 107 27 105 13 105 12 105 13 27 105 13 105 12 105 13 27 105 13 105 11 105 13 27 105 13 105 11 105 13 27 105 13 105 13 108 105 11 105 12 27 35 107 27 105 13 50 62 2 105 13 27 105 13 47 60 2 105 13 105 13 108 50 62 47 60 8 8 2 42 2 41 2 41 18 2 8 41
79 105 13 57 27 35 107 27 105 13 105 13 105 13 105 13 108 105 11 16 27 27 108 19 41
80 58 79 57 79 105 79 105 79 105 79 79 79 105 15
22 19 19 106 27 27 108 27 105
13 32 27 105 13 86 79 105 35 107 86 79 105 79 105 79 105 79 105 15
13 32 86 27 105
13 32 86 35 19 20 107 86 27 105
13 32 86 27 105
13 32 100 35 27 107 108
27 27 108 107
19 19 58 15 27 35 107 27 105 13 105 12 105 13 27 105 13 105 12 105 13 27 105 13 105 11 105 13 27 105 13 80 105 13 27 105 13 105 11 105 13 105 13 108 80 58 80 58 79 58 107
20 19 27 35 107 27 105 13 105 13 27 105 13 105 13 105 13 108 57 27 22 105 11 84 27 20 105 11 84 27 105 11 84 27 105 11 84 77 84 27 105 11 87 27 35 107 27 105 13 77 105 13 105 13 108 27 35 107 27 105 13 77 105 13 105 13 108 27 35 107 27 105 13 77 105 13 105 13 108 27 35 107 27 105 13 77 105 13 105 13 108 27 35 107 27 105 13 80 105 13 105 13 108 107
105
106
11 105 79 19 105 80 57 58 87 80 58 80 57 19 84 79 105 13 109 13 109 11 57 109 13 32 27 105 11 58 79 23 19 8 110 41 14 105 15 87 41 79 79 79 19 105 13 77 203 121 77 122 8 110 41
79 105 86 27 35 107 27 105 13 105 12 105 13 27 105 13 105 12 105 13 27 105 13 105 11 105 13 105 13 108 79 105 12 105 12 105 11 77 47 60 77 23 79 110 24 105
27 35 107 27 105 13 105 13 105 13 108 107
80 57 27 19 108 13 105 106
106 107
13 105 13 105 105
27 105 13 105 11 58 15 105 13 57 105 13 57 107
32 105
32 105
108
13 105
35 29 107 57 105 105 22 105 27 108 13 57 27 19 36 105 13 19 19 32 105 13 57 27 19 36 19 29 72 105 13 19 36 19 72 105 105
106 107
106
105 13 108
13 36 72 108 13 35 29 107 27 105 105
79 105
108 13 35 27 107 79 105
19 52 79 57 35 79 107
106 105
35 107 105
13 105 13 34 108 13 105 105 13 105
13 105 13 105 105 105 35 105 13 107 35 107 20 36 105 11 59 19 105 41 14 8 8 57 105 57 105 40 105 35 105 13 107 105 13 27 35 107 27 105 13 105 13 105 13 108 35 107
35 35 107 105 13 105 13 105 13 107 105 13 32 27 105 27 27 105 19 105 35 107
106
13 29 107 79 19 109
